structure(list(BuoyNumber = c("41001", "41002", "41003", "41004", 
"41005", "41006", "41007", "41008", "41009", "41010", "41011", 
"41012", "41013", "41015", "41016", "41017", "41018", "41021", 
"41022", "41023", "41025", "41035", "41036", "41040", "41041", 
"41043", "41044", "41046", "41047", "41048", "41049", "41420", 
"41421", "41424", "41B41", "42001", "42002", "42003", "42004", 
"42005", "42006", "42007", "42008", "42009", "42010", "42011", 
"42012", "42015", "42016", "42017", "42018", "42019", "42020", 
"42025", "42035", "42036", "42037", "42038", "42039", "42040", 
"42041", "42042", "42053", "42054", "42055", "42056", "42057", 
"42058", "42059", "42060", "42065", "42080", "42407", "42408", 
"42409", "42429", "44001", "44003", "44004", "44005", "44006", 
"44007", "44008", "44009", "44010", "44011", "44012", "44013", 
"44014", "44015", "44017", "44018", "44019", "44020", "44023", 
"44025", "44026", "44027", "44028", "44065", "44066", "44070", 
"44401", "44402", "42876", "42878", "42892", "42907", "42919", 
"42935", "42379", "42398", "42399", "42855", "42865", "42882", 
"42884", "42904", "42905", "42931", "42936", "41670", "41933", 
"42938", "42381", "42391", "42869", "42873", "42383", "42393", 
"42871", "42897", "42932", "42369", "42370", "42374", "42375", 
"42376", "42392", "42853", "42868", "42872", "42880", "42885", 
"42887", "42891", "42893", "42901", "42908", "42916", "42920", 
"41051", "41052", "41053", "41056", "41115", "42085", "41024", 
"41027", "41029", "41030", "41033", "44041", "44042", "44043", 
"44057", "44058", "44059", "44061", "44062", "44063", "44064", 
"44068", "44044", "42371", "42372", "42385", "42386", "42396", 
"42874", "42912", "42917", "42926", "42929", "42934", "42898", 
"42013", "42014", "42021", "42022", "42023", "42024", "42368", 
"41037", "41038", "41064", "41110", "42928", "44054", "44055", 
"41193", "41194", "42384", "42866", "42881", "42909", "42921", 
"44137", "44138", "44139", "44140", "44141", "44142", "44150", 
"44174", "44175", "44176", "44235", "44251", "44255", "44258", 
"42899", "42930", "42937", "42888", "42933", "42939", "42098", 
"42388", "42859", "42089", "44067", "42366", "42373", "42377", 
"42382", "42397", "42852", "42875", "42894", "42896", "42940", 
"42915", "42883", "42911", "42870", "42910", "41096", "41097", 
"41098", "41100", "41101", "41300", "42387", "42867", "42879", 
"42889", "42890", "42925", "44022", "44039", "44040", "44060", 
"42864", "42860", "42913", "44021", "44024", "44029", "44030", 
"44031", "44032", "44033", "44034", "44035", "44036", "44037", 
"44038", "42360", "42856", "42906", "41026", "41139", "42903", 
"41108", "41109", "41112", "41113", "41114", "41140", "41141", 
"41159", "42099", "44094", "44096", "44097", "44099", "44100", 
"44172", "42361", "42362", "42363", "42364", "42365", "42390", 
"42394", "42395", "42851", "42854", "42857", "42858", "42861", 
"42862", "42877", "42886", "42895", "42902", "42922", "42927", 
"42914", "42863", "42924", "44069", "42043", "42044", "42045", 
"42046", "42047", "42048", "42049", "42050", "42051", "42918", 
"42923", "42367", "44056", "44091", "44095", "44092", "44098", 
"41062", "41063", "42067", "44093", "44052", "44053", "42900", 
"42380", "41060", "41061", "41NT0"), Latitude = c(34.645, 31.862, 
30.4, 32.501, 31.7, 29.3, 34.2, 31.4, 28.522, 28.903, 28.2, 30.042, 
33.436, 35.4, 24.6, 35.4, 15, 31.92, 31.89, 31.92, 35.006, 34.476, 
34.207, 14.516, 14.329, 21.021, 21.575, 23.888, 27.517, 31.868, 
27.537, 23.484, 23.409, 32.953, 14.329, 25.888, 26.091, 26.007, 
27.5, 30, 26.5, 30.09, 28.7, 29.3, 29.7, 29.7, 30.065, 30.1, 
30.2, 27.9, 30, 27.907, 26.968, 24.9, 29.232, 28.5, 24.5, 27.421, 
28.739, 29.212, 27.504, 29.88, 29.55, 26, 22.203, 19.802, 17.002, 
14.923, 15.179, 16.332, 14.926, 24.396, 15.252, 25.2, 25.867, 
27.401, 38.7, 40.8, 38.484, 43.204, 36.3, 43.525, 40.503, 38.461, 
36.9, 41.098, 38.8, 42.346, 36.611, 37.5, 40.694, 42.137, 36.4, 
41.443, 37.5, 40.251, 36, 44.287, 41.4, 40.369, 39.568, 41.392, 
37.561, 39.298, 27.676, 27.774, 27.599, 27.465, 28.26, 28.235, 
27.362, 26.132, 27.111, 28.346, 27.267, 27.339, 26.91, 28.085, 
27.396, 27.32, 27.223, 29.63, 34.5, 28.257, 28.221, 28.034, 28.695, 
28.252, 27.37, 27.301, 27.331, 27.355, 27.369, 27.207, 27.322, 
28.866, 28.521, 29.108, 27.196, 27.331, 28.214, 28.738, 27.225, 
28.249, 28.191, 28.197, 27.132, 27.914, 26.909, 27.267, 26.865, 
18.257, 18.249, 18.474, 18.259, 18.376, 17.86, 33.83, 33.302, 
32.8, 32.52, 32.27, 37.204, 38.033, 39.152, 39.54, 37.551, 36.846, 
38.788, 38.556, 38.963, 36.974, 37.314, 38.389, 27.732, 27.78, 
28.34, 27.326, 26.235, 27.316, 26.208, 27.207, 26.98, 26.859, 
26.318, 27.041, 27.169, 25.254, 28.311, 27.498, 26.063, 27.464, 
27.204, 33.988, 34.142, 34.207, 34.141, 28.441, 38.883, 39.122, 
12.351, 11.161, 27.993, 28.491, 27.554, 28.201, 28.354, 42.262, 
44.252, 44.24, 42.868, 42.993, 42.5, 42.505, 49.075, 46.877, 
47.535, 47.263, 46.443, 47.267, 44.502, 26.066, 26.906, 26.384, 
28.893, 27.333, 28.859, 27.59, 27.73, 27.514, 19.699, 38.368, 
27.122, 27.354, 27.293, 27.304, 28.755, 28.501, 28.154, 28.77, 
29.04, 28.712, 28.01, 26.413, 27.464, 27.458, 27.847, 16.533, 
14.48, 14.894, 15.9, 14.6, 15.85, 28.267, 28.183, 28.845, 28.394, 
27.625, 28.301, 40.883, 41.138, 40.956, 41.263, 28.195, 28.015, 
28.509, 43.762, 42.331, 42.522, 43.181, 43.57, 43.715, 44.056, 
44.106, 44.89, 45.2, 43.491, 43.633, 26.672, 26.52, 19.633, 12, 
20, 26.312, 33.721, 34.484, 30.709, 28.4, 27.551, 17.769, 17.684, 
34.21, 27.34, 40.585, 37.023, 40.969, 36.915, 36.255, 44.5, 27.55, 
27.795, 28.16, 29.06, 28.2, 26.129, 28.16, 26.407, 28.422, 28.18, 
26.092, 27.962, 28.369, 27.57, 28.18, 28.17, 28.273, 26.09, 26.449, 
28.186, 26.806, 28.962, 28.962, 40.693, 28.982, 26.191, 26.217, 
27.89, 27.896, 27.939, 28.351, 28.842, 29.635, 27.747, 27.747, 
28.742, 36.2, 39.778, 35.75, 42.942, 42.798, 35.785, 34.801, 
30.042, 36.872, 37.236, 37.244, 28.36, 28.209, 14.745, 24.581, 
14.745),