structure(list(BuoyNumber = c("41001", "41002", "41004", "41008", 
"41009", "41010", "41012", "41013", "41025", "41035", "41036", 
"41040", "41041", "41043", "41044", "41046", "41047", "41048", 
"41049", "42001", "42002", "42003", "42007", "42012", "42019", 
"42020", "42035", "42036", "42038", "42039", "42040", "42041", 
"42042", "42054", "42055", "42056", "42057", "42058", "42059", 
"42060", "42065", "42080", "44004", "44005", "44007", "44008", 
"44009", "44011", "44013", "44014", "44017", "44018", "44020", 
"44025", "44027", "44065", "44066", "44070", "42369", "42370", 
"42374", "42375", "42376", "42392", "42887", "41051", "41052", 
"41053", "41056", "41115", "42085", "41027", "41030", "44041", 
"44042", "44043", "44057", "44058", "44059", "44061", "44062", 
"44063", "44064", "44068", "44044", "42013", "42014", "42021", 
"42022", "42023", "41024", "41029", "41033", "41037", "41038", 
"41110", "44054", "44055", "41193", "41194", "44235", "42089", 
"44067", "44022", "44039", "44040", "44060", "44021", "44024", 
"44029", "44030", "44031", "44032", "44033", "44034", "44035", 
"44037", "44038", "42360", "41108", "41109", "41112", "41113", 
"41114", "41140", "41141", "42099", "44094", "44096", "44097", 
"44099", "44100", "44172", "42361", "42362", "42363", "42364", 
"42365", "42390", "42394", "42902", "42043", "42044", "42045", 
"42046", "42047", "44056", "44091", "44095", "44092", "44098", 
"41062", "41063", "42067", "44093", "44052", "44053", "41060", 
"41061"), Latitude = c(34.645, 31.862, 32.501, 31.4, 28.522, 
28.903, 30.042, 33.436, 35.006, 34.476, 34.207, 14.516, 14.329, 
21.021, 21.575, 23.888, 27.517, 31.868, 27.537, 25.888, 26.091, 
26.007, 30.09, 30.065, 27.907, 26.968, 29.232, 28.5, 27.421, 
28.739, 29.212, 27.504, 29.88, 26, 22.203, 19.802, 17.002, 14.923, 
15.179, 16.332, 14.926, 24.396, 38.484, 43.204, 43.525, 40.503, 
38.461, 41.098, 42.346, 36.611, 40.694, 42.137, 41.443, 40.251, 
44.287, 40.369, 39.584, 41.392, 27.207, 27.322, 28.866, 28.521, 
29.108, 27.196, 28.191, 18.257, 18.249, 18.474, 18.259, 18.376, 
17.86, 33.302, 32.52, 37.204, 38.033, 39.152, 39.54, 37.551, 
36.846, 38.788, 38.556, 38.963, 36.974, 37.314, 38.389, 27.169, 
25.254, 28.311, 27.498, 26.063, 33.848, 32.8, 32.27, 33.988, 
34.142, 34.141, 38.883, 39.122, 12.351, 11.161, 47.263, 19.699, 
38.368, 40.883, 41.138, 40.956, 41.263, 43.762, 42.331, 42.522, 
43.181, 43.57, 43.715, 44.056, 44.106, 44.89, 43.491, 43.633, 
26.672, 33.721, 34.484, 30.709, 28.4, 27.551, 17.769, 17.684, 
27.34, 40.585, 37.023, 40.969, 36.915, 36.255, 44.5, 27.55, 27.795, 
28.16, 29.06, 28.2, 26.129, 28.16, 26.09, 28.982, 26.191, 26.217, 
27.89, 27.896, 36.2, 39.778, 35.75, 42.942, 42.798, 35.785, 34.801, 
30.042, 36.872, 37.236, 37.244, 14.745, 24.581), Longitude = c(-72.695, 
-74.835, -79.099, -80.868, -80.188, -78.464, -80.534, -77.743, 
-75.402, -77.28, -76.949, -53.024, -46.082, -64.854, -58.625, 
-68.365, -71.483, -69.565, -62.945, -89.658, -93.758, -85.648, 
-88.769, -87.555, -95.353, -96.694, -94.413, -84.517, -92.555, 
-86.006, -88.207, -90.462, -88.32, -87.73, -94, -84.857, -81.501, 
-74.918, -67.563, -63.24, -75.046, -81.934, -70.433, -69.128, 
-70.141, -69.248, -74.703, -66.619, -70.651, -74.842, -72.048, 
-69.713, -70.187, -73.164, -67.307, -73.703, -72.6, -71.004, 
-90.283, -90.536, -88.056, -88.289, -87.944, -90.027, -88.496, 
-65.004, -64.763, -66.099, -65.457, -67.28, -66.524, -78.137, 
-79.34, -76.778, -76.336, -76.391, -76.073, -76.257, -76.298, 
-77.036, -76.415, -76.448, -76.046, -77.191, -76.526, -82.92, 
-82.22, -83.306, -83.721, -83.073, -78.482, -79.62, -80.4, -77.363, 
-77.721, -77.709, -75.183, -75.256, -72.218, -74.681, -57.341, 
-80.061, -76.996, -73.728, -72.655, -73.58, -72.067, -69.988, 
-65.907, -70.566, -70.428, -70.06, -69.358, -68.997, -68.109, 
-67.02, -67.88, -66.55, -90.471, -78.015, -77.3, -81.292, -80.533, 
-80.22, -64.723, -64.635, -84.275, -73.106, -75.81, -71.127, 
-75.72, -75.591, -63.408, -92.49, -90.648, -89.22, -88.09, -89.12, 
-94.898, -89.24, -94.9, -94.899, -97.051, -96.5, -94.037, -93.597, 
-75.714, -73.769, -75.33, -70.632, -70.169, -75.092, -75.936, 
-88.647, -75.492, -76.399, -76.5, -51.743, -38), year2000 = c(TRUE, 
TRUE, TRUE, TRUE, TRUE, TRUE, FALSE, FALSE, FALSE, FALSE, FALSE, 
FALSE, FALSE, FALSE, FALSE, FALSE, FALSE, FALSE, FALSE, TRUE, 
TRUE, TRUE, TRUE, FALSE, TRUE, TRUE, TRUE, TRUE, FALSE, TRUE, 
TRUE, TRUE, TRUE, TRUE, FALSE, FALSE, FALSE, FALSE, FALSE, FALSE, 
FALSE, FALSE, TRUE, TRUE, TRUE, TRUE, TRUE, TRUE, TRUE, TRUE, 
FALSE, FALSE, FALSE, TRUE, FALSE, FALSE, FALSE, FALSE, FALSE, 
FALSE, FALSE, FALSE, FALSE, FALSE, FALSE, FALSE, FALSE, FALSE, 
FALSE, FALSE, FALSE, FALSE, FALSE, FALSE, FALSE, FALSE, FALSE, 
FALSE, FALSE, FALSE, FALSE, FALSE, FALSE, FALSE, FALSE, FALSE, 
FALSE, FALSE, FALSE, FALSE, FALSE, FALSE, FALSE, FALSE, FALSE, 
FALSE, FALSE, FALSE, FALSE, FALSE, FALSE, FALSE, FALSE, FALSE, 
FALSE, FALSE, FALSE, FALSE, FALSE, FALSE, FALSE, FALSE, FALSE, 
FALSE, FALSE, FALSE, FALSE, FALSE, FALSE, FALSE, FALSE, FALSE, 
FALSE, FALSE, FALSE, FALSE, FALSE, FALSE, FALSE, FALSE, FALSE, 
FALSE, FALSE, FALSE, FALSE, FALSE, FALSE, FALSE, FALSE, FALSE, 
FALSE, FALSE, FALSE, FALSE, FALSE, FALSE, FALSE, FALSE, FALSE, 
FALSE, FALSE, FALSE, FALSE, FALSE, FALSE, FALSE, FALSE, FALSE, 
FALSE), year2001 = c(TRUE, TRUE, TRUE, TRUE, TRUE, TRUE, FALSE, 
FALSE, FALSE, FALSE, FALSE, FALSE, FALSE, FALSE, FALSE, FALSE, 
FALSE, FALSE, FALSE, TRUE, TRUE, TRUE, TRUE, FALSE, TRUE, TRUE, 
TRUE, TRUE, FALSE, TRUE, TRUE, TRUE, FALSE, TRUE, FALSE, FALSE, 
FALSE, FALSE, FALSE, FALSE, FALSE, FALSE, TRUE, TRUE, TRUE, TRUE, 
TRUE, TRUE, TRUE, TRUE, FALSE, FALSE, FALSE, TRUE, FALSE, FALSE, 
FALSE, FALSE, FALSE, FALSE, FALSE, FALSE, FALSE, FALSE, FALSE, 
FALSE, FALSE, FALSE, FALSE, FALSE, FALSE, FALSE, FALSE, FALSE, 
FALSE, FALSE, FALSE, FALSE, FALSE, FALSE, FALSE, FALSE, FALSE, 
FALSE, FALSE, FALSE, FALSE, FALSE, FALSE, FALSE, FALSE, FALSE, 
FALSE, FALSE, FALSE, FALSE, FALSE, FALSE, FALSE, FALSE, FALSE, 
FALSE, FALSE, FALSE, FALSE, FALSE, FALSE, FALSE, FALSE, FALSE, 
FALSE, FALSE, FALSE, FALSE, FALSE, FALSE, FALSE, FALSE, FALSE, 
FALSE, FALSE, FALSE, FALSE, FALSE, FALSE, FALSE, FALSE, FALSE, 
FALSE, FALSE, FALSE, FALSE, FALSE, FALSE, FALSE, FALSE, FALSE, 
FALSE, FALSE, FALSE, FALSE, FALSE, FALSE, FALSE, FALSE, FALSE, 
FALSE, FALSE, FALSE, FALSE, FALSE, FALSE, FALSE, FALSE, FALSE, 
FALSE, FALSE, FALSE, FALSE), year2002 = c(TRUE, TRUE, TRUE, TRUE, 
TRUE, TRUE, TRUE, FALSE, FALSE, FALSE, FALSE, FALSE, FALSE, FALSE, 
FALSE, FALSE, FALSE, FALSE, FALSE, TRUE, TRUE, TRUE, TRUE, FALSE, 
TRUE, TRUE, TRUE, TRUE, FALSE, TRUE, TRUE, TRUE, FALSE, FALSE, 
FALSE, FALSE, FALSE, FALSE, FALSE, FALSE, FALSE, FALSE, TRUE, 
TRUE, TRUE, TRUE, TRUE, TRUE, TRUE, TRUE, TRUE, TRUE, FALSE, 
TRUE, FALSE, FALSE, FALSE, FALSE, FALSE, FALSE, FALSE, FALSE, 
FALSE, FALSE, FALSE, FALSE, FALSE, FALSE, FALSE, FALSE, FALSE, 
FALSE, FALSE, FALSE, FALSE, FALSE, FALSE, FALSE, FALSE, FALSE, 
FALSE, FALSE, FALSE, FALSE, FALSE, FALSE, FALSE, FALSE, FALSE, 
FALSE, FALSE, FALSE, FALSE, FALSE, FALSE, FALSE, FALSE, FALSE, 
FALSE, FALSE, FALSE, FALSE, FALSE, FALSE, FALSE, FALSE, FALSE, 
FALSE, FALSE, FALSE, FALSE, FALSE, FALSE, FALSE, FALSE, FALSE, 
FALSE, FALSE, FALSE, FALSE, FALSE, FALSE, FALSE, FALSE, FALSE, 
FALSE, FALSE, FALSE, FALSE, FALSE, FALSE, FALSE, FALSE, FALSE, 
FALSE, FALSE, FALSE, FALSE, FALSE, FALSE, FALSE, FALSE, FALSE, 
FALSE, FALSE, FALSE, FALSE, FALSE, FALSE, FALSE, FALSE, FALSE, 
FALSE, FALSE, FALSE, FALSE, FALSE, FALSE, FALSE),