structure(list(error = c(11.5980453919753, 11.1412477855342, 
11.0092604266748, 11.0294930276922, 11.2486452746331, 11.1068298863737, 
11.1702661025859, 11.0892410812399, 11.1264142189297, 11.1139103690901, 
11.0045195253787, 11.036204376316, 10.9585955963988, 11.0425393092091, 
11.0065152392457, 11.1167116809259, 10.9760431091958, 11.0122184950655, 
10.9998326046089, 11.0110311411373, 11.0122676141737, 11.0495163309752, 
11.1174721794948, 10.9769605744855, 11.0129506279654, 11.2846441790123, 
11.118296839892, 10.8659004164952, 10.6131935457658, 10.8357070918852, 
10.7813528018261, 10.9447027350403, 10.9063728644989, 10.6942361438424, 
10.7756974341667, 10.8226068303681, 10.8140229634291, 10.810683068408, 
10.7782514697736, 10.8365217504733, 10.8336624550178, 10.8372781285136, 
10.8294784517818, 10.7850822817405, 10.7346775197936, 10.8531340897826, 
10.8752745793239, 10.7636505183274, 10.8147745113718, 10.7461082514815, 
11.1012863773148, 10.9635676136188, 11.0491899548182, 10.6378239804687, 
10.8347927497531, 10.9066540102666, 10.7396228573476, 10.8820469503038, 
10.7694078166152, 10.8511124210031, 10.7271469699457, 10.689091754485, 
10.7976970822284, 10.7367059339727, 10.7362652760391, 10.7389996653616, 
10.7050864507428, 10.804140555677, 10.7376415297784, 10.7219387372608, 
10.6784841587214, 10.690687609807, 10.7246264882874, 10.8066245088922, 
10.7758934167284, 11.228252878858, 10.9808628551312, 10.9369598697702, 
10.9001459364873, 10.7846214903086, 10.8887882005959, 10.8365801922084, 
10.69087814769, 10.792370513746, 10.7565577923997, 10.7635378880599, 
10.7692869480185, 10.6754840298369, 10.7072812363434, 10.7235560667215, 
10.6370852993104, 10.7635556286578, 10.6919467814143, 10.6912190974296, 
10.702712709348, 10.6504525619541, 10.7305653499946, 10.745392603643, 
10.7191144753314, 10.6735185059173, 10.9348628479938, 10.8368699660494, 
10.966594026749, 10.6975040549286, 10.8403563524691, 10.806116164952, 
10.8497769940634, 10.8228957315056, 10.7007890451818, 10.6997575276235, 
10.7285242566894, 10.6730792718782, 10.7899606425962, 10.7290246167092, 
10.7129261880761, 10.7099024866476, 10.6534574593292, 10.7288158511184, 
10.7596580195744, 10.7079688974363, 10.7181869876211, 10.6713216948669, 
10.6502451017702, 10.7519223985715, 10.7609832735975, 11.2686930756173, 
10.8389348167438, 10.8376226965021, 10.9957510931713, 10.8592480313889, 
10.8184752905736, 10.6709299560343, 10.7170032570891, 10.6131009052926, 
10.7847545180864, 10.7251068268034, 10.7314952742145, 10.7666855583498, 
10.8126261362237, 10.831056884784, 10.7799518096457, 10.7474327320395, 
10.7962306149287, 10.7300018812263, 10.6276616155941, 10.7608682933131, 
10.7643793190188, 10.7988941111111, 10.748561061348, 10.7117737090136, 
10.9955063657407, 10.7816961685957, 11.0402159663923, 11.0684481146798, 
10.8430852608025, 10.722649259345, 10.8423090724364, 10.9147629896195, 
10.7873627045325, 10.7806661123071, 10.8897964209583, 10.7929571452493, 
10.7007533142715, 10.7774978263495, 10.8296689227709, 10.6858973351297, 
10.6853963071228, 10.8136191623252, 10.7759724456051, 10.844397201169, 
10.7854863509648, 10.7876192157098, 10.7443364604527, 10.8205389964849, 
10.7348171157432, 11.4839467114198, 10.9302424292052, 11.0258578961763, 
10.5538217412712, 10.9561269601543, 10.597910104231, 10.9286279272959, 
10.9872010795718, 10.7523362896662, 10.888364560054, 10.8702780755535, 
10.7922126565394, 10.6763363607048, 10.7320056473254, 10.7985847876269, 
10.746850342243, 10.7988335247821, 10.7913219226204, 10.7391972972795, 
10.7731096184375, 10.7776059787013, 10.7134226005446, 10.8583428287518, 
10.8645905612863, 10.7987775311642), mtry = structure(c(1L, 1L, 
1L, 1L, 1L, 1L, 1L, 1L, 1L, 1L, 1L, 1L, 1L, 1L, 1L, 1L, 1L, 1L, 
1L, 1L, 1L, 1L, 1L, 1L, 1L, 2L, 2L, 2L, 2L, 2L, 2L, 2L, 2L, 2L, 
2L, 2L, 2L, 2L, 2L, 2L, 2L, 2L, 2L, 2L, 2L, 2L, 2L, 2L, 2L, 2L, 
3L, 3L, 3L, 3L, 3L, 3L, 3L, 3L, 3L, 3L, 3L, 3L, 3L, 3L, 3L, 3L, 
3L, 3L, 3L, 3L, 3L, 3L, 3L, 3L, 3L, 4L, 4L, 4L, 4L, 4L, 4L, 4L, 
4L, 4L, 4L, 4L, 4L, 4L, 4L, 4L, 4L, 4L, 4L, 4L, 4L, 4L, 4L, 4L, 
4L, 4L, 5L, 5L, 5L, 5L, 5L, 5L, 5L, 5L, 5L, 5L, 5L, 5L, 5L, 5L, 
5L, 5L, 5L, 5L, 5L, 5L, 5L, 5L, 5L, 5L, 5L, 6L, 6L, 6L, 6L, 6L, 
6L, 6L, 6L, 6L, 6L, 6L, 6L, 6L, 6L, 6L, 6L, 6L, 6L, 6L, 6L, 6L, 
6L, 6L, 6L, 6L, 7L, 7L, 7L, 7L, 7L, 7L, 7L, 7L, 7L, 7L, 7L, 7L, 
7L, 7L, 7L, 7L, 7L, 7L, 7L, 7L, 7L, 7L, 7L, 7L, 7L, 8L, 8L, 8L, 
8L, 8L, 8L, 8L, 8L, 8L, 8L, 8L, 8L, 8L, 8L, 8L, 8L, 8L, 8L, 8L, 
8L, 8L, 8L, 8L, 8L, 8L), .Label = c("1", "2", "3", "4", "5", 
"6", "7", "8"), class = "factor"), ntree = c(20, 40, 60, 80, 
100, 120, 140, 160, 180, 200, 220, 240, 260, 280, 300, 320, 340, 
360, 380, 400, 420, 440, 460, 480, 500, 20, 40, 60, 80, 100, 
120, 140, 160, 180, 200, 220, 240, 260, 280, 300, 320, 340, 360, 
380, 400, 420, 440, 460, 480, 500, 20, 40, 60, 80, 100, 120, 
140, 160, 180, 200, 220, 240, 260, 280, 300, 320, 340, 360, 380, 
400, 420, 440, 460, 480, 500, 20, 40, 60, 80, 100, 120, 140, 
160, 180, 200, 220, 240, 260, 280, 300, 320, 340, 360, 380, 400, 
420, 440, 460, 480, 500, 20, 40, 60, 80, 100, 120, 140, 160, 
180, 200, 220, 240, 260, 280, 300, 320, 340, 360, 380, 400, 420, 
440, 460, 480, 500, 20, 40, 60, 80, 100, 120, 140, 160, 180, 
200, 220, 240, 260, 280, 300, 320, 340, 360, 380, 400, 420, 440, 
460, 480, 500, 20, 40, 60, 80, 100, 120, 140, 160, 180, 200, 
220, 240, 260, 280, 300, 320, 340, 360, 380, 400, 420, 440, 460, 
480, 500, 20, 40, 60, 80, 100, 120, 140, 160, 180, 200, 220, 
240, 260, 280, 300, 320, 340, 360, 380, 400, 420, 440, 460, 480, 
500)), .Names = c("error", "mtry", "ntree"), row.names = c(NA, 
-200L), class = "data.frame")
